"X_0","X_1","X_2","X_3","X_4","X_5","X_6","X_7","X_8","X_9","X_10","X_11","X_12","X_13","X_14","X_15","X_16","X_17","X_18","X_19","X_20","X_21","X_22","X_23","X_24","X_25","X_26","X_27","X_28","X_29","X_30","X_31","X_32","X_33","X_34","X_35","X_36","X_37","X_38","X_39","X_40","X_41","X_42","X_43","X_44","X_45","X_46","X_47","X_48","X_49","X_50","X_51","X_52","X_53","X_54","X_55","X_56","X_57","X_58","X_59","X_60","X_61","X_62","X_63","X_64","X_65","X_66","X_67","X_68","X_69","X_70","X_71","X_72","X_73","X_74","X_75","X_76","X_77","X_78","X_79","X_80","X_81","X_82","X_83","X_84","X_85","X_86","X_87","X_88","X_89","X_90","X_91","X_92","X_93","X_94","X_95","X_96","X_97","X_98","X_99","X_100","X_101","X_102","X_103","X_104","X_105","X_106","X_107","X_108","X_109","X_110","X_111","X_112","X_113","X_114","X_115","X_116","X_117","X_118","X_119","X_120","X_121","X_122","X_123","X_124","X_125","X_126","X_127","X_128","X_129","X_130","X_131","X_132","X_133","X_134","X_135","X_136","X_137","X_138","X_139","X_140","X_141","X_142","X_143","X_144","X_145","X_146","X_147","X_148","X_149","X_150","X_151","X_152","X_153","X_154","X_155","X_156","X_157","X_158","X_159","X_160","X_161","X_162","X_163","X_164","X_165","X_166","X_167","X_168","X_169","X_170","X_171","X_172","X_173","X_174","X_175","X_176","X_177","X_178","X_179","X_180","X_181","X_182","X_183","X_184","X_185","X_186","X_187","X_188","X_189","X_190","X_191","X_192","X_193","X_194","X_195","X_196","X_197","X_198","X_199","X_200","X_201","X_202","X_203","X_204","X_205","X_206","X_207","X_208","X_209","X_210","X_211","X_212","X_213","X_214","X_215","X_216","X_217","X_218","X_219","X_220","X_221","X_222","X_223","X_224","X_225","X_226","X_227","X_228","X_229","X_230","X_231","X_232","X_233","X_234","X_235","X_236","X_237","X_238","X_239","X_240","X_241","X_242","X_243","X_244","X_245","X_246","X_247","X_248","X_249","X_250","X_251","X_252","X_253","X_254","X_255","target"
0.44,-0.73,-0.34,-0.06,1.31,0.43,-0.92,1.57,0.92,-0.57,-0.51,0.71,-1.06,-0.03,1.28,0.65,0.38,0.11,-0.05,-0.21,0.51,0.1,-0.78,0.29,1.61,1.26,-0.66,-0.02,-0.73,0.81,-0.16,-0.7,-1.98,0.19,0.52,-0.04,-0.43,0.58,-0.45,-0.37,0.57,-1.06,-0.4,1.18,-0.92,0.62,0.12,-1.2,0.25,-0.68,0.3,0.21,-0.08,-1.68,-0.84,-1.79,0.05,-1.25,-1.04,-0.95,-0.63,-0.38,-0.66,0.38,-1.58,1.66,0.5,-1.94,0.01,-0.86,-0.99,-0.13,0.23,0.18,0.49,1.04,1.1,0.39,-0.0,2.13,-0.34,0.12,-0.22,1.11,0.22,1.35,-0.77,-2.0,0.58,0.21,-0.46,-0.18,-0.83,-0.22,2.29,0.31,1.74,0.73,-1.71,0.8,-0.81,-0.64,-0.36,0.38,0.82,0.04,-1.75,1.2,-1.11,0.35,0.23,-0.53,1.02,0.06,0.16,-0.76,-0.38,1.25,-0.21,0.05,0.37,0.56,0.9,-0.48,-0.37,-1.3,0.15,0.74,0.65,0.58,-0.82,-1.53,2.0,-0.75,-1.47,0.55,-0.47,0.27,0.01,-0.8,0.05,-2.26,-0.46,-1.62,1.2,1.32,-0.88,1.51,-1.7,2.83,-0.37,1.1,-0.2,-0.14,-1.16,-0.28,0.18,-0.65,0.3,0.38,-0.86,-1.65,0.07,-2.11,0.73,-0.28,0.54,0.29,2.03,-0.35,0.41,-1.88,2.37,-0.62,-2.04,-1.46,-0.49,1.08,2.46,0.3,0.43,-0.61,-0.06,0.49,-0.26,1.07,0.22,-0.23,-2.2,0.51,-3.0,-0.64,1.13,-0.9,0.25,-0.95,-1.14,0.64,-0.01,-0.88,0.98,-0.4,0.31,1.04,1.44,-2.34,-1.1,-0.34,-1.56,1.37,0.3,0.76,0.24,0.58,2.31,1.15,-0.74,0.41,-0.13,-0.87,-0.14,-0.65,-0.36,0.88,-0.48,0.52,-0.67,0.91,-0.78,1.21,0.03,-1.12,0.02,0.79,-0.36,-0.3,1.19,-0.71,-1.04,-1.21,0.13,0.28,0.32,-1.18,0.27,-0.29,0.58,-1.95,-0.21,-0.92,-1.19,-0.3,-0.76,0.88,1.17,-0.87,-838.18
0.09,0.33,0.84,-0.16,0.41,2.44,0.15,-0.71,0.46,-0.02,-2.0,-1.27,0.76,0.22,-0.41,2.44,-2.49,-0.6,0.29,-0.04,-0.38,0.19,-1.07,-1.16,-0.24,0.5,-1.58,0.0,0.49,1.53,0.09,0.72,1.52,-0.83,-0.08,-0.11,-0.09,-2.35,-0.6,-2.52,0.78,0.53,1.52,0.32,-0.74,-1.0,-0.82,-1.32,-0.84,0.9,-0.38,0.49,1.2,-1.11,-0.03,0.47,0.55,0.81,2.0,-0.29,2.09,0.49,-0.75,0.79,-0.02,-1.37,0.04,2.51,0.74,-0.01,-0.51,-0.98,0.33,-0.58,-1.36,1.99,1.81,0.35,0.39,-0.41,-2.33,1.16,-1.19,1.35,-1.81,0.91,-0.56,-0.29,-2.97,-0.04,0.12,0.74,1.33,-1.58,1.83,1.55,-0.18,-0.18,-1.5,0.46,-0.43,0.24,0.53,1.03,0.21,0.29,1.51,0.54,0.3,1.37,-2.07,1.04,0.53,-0.23,-1.34,0.86,-0.12,0.5,0.08,-1.8,-1.18,-0.6,-1.04,0.28,1.04,1.95,-0.77,-1.42,0.4,-0.43,0.53,0.58,-0.88,-0.2,-0.54,0.36,-0.77,0.51,0.77,0.15,0.37,-0.21,-0.93,-2.13,1.39,-0.86,-0.43,0.33,-0.82,0.31,-0.32,1.0,1.44,1.47,-0.35,0.51,1.12,0.03,-1.36,0.2,0.34,-0.92,0.3,0.18,-0.37,0.98,0.02,0.22,0.59,0.03,0.57,-0.68,-0.77,1.99,-0.87,-1.02,0.15,-0.36,0.8,0.19,-0.88,-0.41,-0.57,0.49,-0.49,-0.45,1.11,0.46,-0.42,-0.36,0.71,1.59,0.01,0.78,-1.0,0.85,-1.34,-0.9,-1.35,0.57,0.52,-2.23,-0.52,0.53,-0.73,2.03,-1.22,0.3,0.76,0.59,0.67,1.26,0.74,-1.02,0.96,-0.36,-0.09,-0.39,-0.41,0.83,0.32,0.04,1.02,0.95,0.75,0.63,-1.65,-0.19,-0.29,-0.86,-0.07,-1.1,1.22,0.52,0.36,0.82,0.33,-1.14,1.53,-0.78,-1.44,0.14,-0.6,-0.32,0.55,-0.27,-0.44,-2.3,-1.06,-1.31,-0.37,-0.42,-0.25,0.58,-0.95,-0.82,-590.58
-0.46,-0.78,-0.43,-1.14,-0.04,0.11,0.1,0.06,-0.0,-1.11,-0.74,-0.92,-0.32,-0.22,1.73,0.78,-0.77,0.32,-0.04,0.25,-1.97,1.63,0.86,-2.12,0.24,2.16,0.74,0.95,0.66,0.69,-0.75,1.46,-0.4,0.33,-0.04,0.43,1.13,-1.0,1.7,-1.36,-0.89,0.85,-0.1,-0.16,-0.72,1.22,0.11,-1.2,2.12,-2.08,-1.65,0.03,1.63,-0.67,0.99,-0.49,-1.94,2.41,0.37,-0.98,-0.72,-0.75,0.83,-0.13,-1.9,-1.83,-0.09,-0.98,-0.99,-1.34,-1.41,-0.35,0.09,0.37,1.17,0.25,1.65,1.76,0.85,0.16,2.03,0.5,1.87,0.76,-0.39,-0.73,-0.42,-1.23,-0.35,0.08,-0.33,-0.63,-1.09,-0.72,-1.17,1.13,0.9,0.03,0.65,0.7,1.13,1.11,-0.43,-0.9,-0.17,2.06,-1.76,-0.44,0.62,-0.59,0.52,1.06,1.9,-0.81,1.6,-0.7,0.45,-1.52,-1.2,-0.11,-0.49,1.02,0.52,-0.8,0.86,0.33,0.42,0.16,-0.66,0.75,0.81,-0.03,-0.95,-1.05,-0.7,-0.64,-2.01,0.45,2.7,-1.85,-0.28,-1.72,-0.13,1.53,0.79,-0.77,0.98,-1.13,-0.51,-0.23,1.54,0.64,-0.28,-0.34,1.42,1.22,-0.55,0.11,-1.92,0.49,0.36,-0.41,0.65,-2.18,0.05,-0.06,1.41,1.52,0.07,0.47,2.3,0.23,-0.87,0.8,0.64,0.21,0.25,-0.73,-1.75,1.02,-1.01,0.08,-0.34,0.02,-0.9,-0.82,0.57,0.66,-2.88,-0.06,0.19,0.55,-1.45,0.12,-1.42,0.41,1.23,-1.1,1.14,-0.8,0.91,-0.42,0.56,0.54,-2.01,1.18,-1.25,0.09,-0.89,-1.32,-0.82,0.88,-1.57,-0.65,-0.12,-1.18,-0.15,-0.66,0.44,-0.16,0.25,-0.46,0.8,-0.32,-0.92,-0.19,-0.53,-0.99,-1.03,-0.27,0.45,1.4,1.61,-0.32,-1.12,0.84,0.83,0.37,0.07,-1.02,1.13,-0.77,0.95,-0.04,-0.32,-1.62,-0.66,1.25,0.05,1.29,-0.95,-0.73,0.12,0.36,-0.25,2.43,-705.83
0.8,0.61,1.93,1.05,-0.87,-0.13,-1.37,0.42,0.01,-0.03,0.96,0.26,-0.06,0.05,0.43,-0.54,1.03,-0.65,-0.96,0.13,1.48,1.47,0.12,-1.08,0.69,1.09,0.7,0.77,-0.68,0.83,0.51,-0.7,-1.73,-0.02,0.43,0.59,0.24,-1.0,0.8,-1.69,-1.64,0.4,0.95,0.38,0.35,-0.34,1.17,0.18,-1.01,0.97,1.42,-0.64,0.6,0.35,0.55,0.7,-0.84,0.96,-0.71,0.72,-0.53,1.05,-0.6,-0.8,1.82,0.22,-2.14,-2.08,0.22,0.52,1.03,-1.19,0.55,0.36,0.74,0.68,0.48,-1.73,0.51,1.22,0.3,1.32,0.46,0.07,-1.59,-2.1,-1.51,2.33,1.22,-0.55,-0.4,1.14,-2.08,-3.39,-0.77,-0.69,0.69,-1.39,0.44,-1.66,0.89,1.27,0.16,0.23,-1.52,-0.95,-0.65,-0.19,-0.23,-0.53,0.7,-0.37,-2.13,0.06,0.48,-0.31,1.03,0.22,1.37,1.35,3.72,-0.93,0.94,1.03,1.4,1.91,1.25,0.02,0.26,-1.42,0.1,0.1,-0.58,-0.25,-0.58,-0.4,0.03,2.34,-0.57,2.24,0.86,0.6,-0.1,-0.69,-0.02,-1.49,0.34,1.13,0.78,0.28,1.2,-0.45,0.2,1.79,-1.24,0.45,0.19,-0.15,-0.67,0.76,-0.5,-0.42,-0.92,-0.37,-0.25,1.64,-1.24,1.96,-0.73,-0.54,-1.17,-0.27,-1.3,0.87,0.05,-1.18,-0.47,1.53,1.23,-0.23,1.51,0.68,1.14,-1.01,-1.3,0.1,-0.21,-1.32,-0.76,-1.91,0.99,-0.7,1.41,-1.33,-1.5,0.15,0.83,0.77,0.96,-0.33,0.92,1.06,-1.01,-1.17,1.18,0.93,-0.16,-0.44,0.57,0.81,-0.83,0.27,-0.12,0.0,-1.34,2.28,0.16,-0.18,0.09,0.38,0.92,-0.42,-2.63,1.29,-0.21,-2.91,0.2,0.12,1.74,-0.91,1.09,0.61,1.5,0.34,1.99,-0.29,1.3,-0.38,0.48,-0.67,-0.16,0.01,-0.16,-0.04,-0.85,0.56,0.21,0.02,1.18,-0.89,1.39,-1.62,-0.74,0.69,2.05,0.66,660.09
0.14,-0.64,-0.92,0.49,-0.1,-0.15,-1.24,0.14,0.5,0.13,-0.29,1.58,-0.65,-0.06,0.11,0.57,0.38,2.47,1.33,-0.51,-0.23,0.88,1.42,-0.39,-1.55,0.88,-0.64,-0.67,-1.07,-0.75,0.65,0.65,0.82,-0.64,-0.02,-0.75,-0.82,1.25,0.85,-0.99,-0.21,-0.18,-0.94,0.18,-0.78,-1.3,0.02,-0.59,0.72,0.36,0.02,-2.01,0.4,-1.15,0.77,-1.13,-1.09,0.74,-1.56,1.4,-0.32,-1.38,0.28,0.66,-0.67,-0.53,-2.09,-0.72,2.58,-0.12,0.09,-0.67,0.27,0.1,-0.03,1.09,1.63,0.1,-0.3,-0.3,-0.11,-1.43,-0.11,-0.49,-0.99,-0.62,-0.3,-1.94,-0.42,-0.25,0.06,0.64,-0.76,-1.05,0.64,0.45,-0.34,0.27,0.0,-0.12,-0.17,0.5,1.21,0.62,-1.14,0.56,-0.86,1.57,-0.69,2.07,0.06,-0.66,-0.15,-0.29,0.25,-0.55,0.29,1.76,-0.64,-1.02,0.03,-0.42,-1.71,1.79,0.26,1.32,0.87,-0.15,0.18,-0.75,-1.37,0.14,0.94,-0.27,0.61,-0.48,0.35,1.63,0.4,0.21,0.74,0.37,0.34,0.35,0.83,-0.52,-0.66,1.33,1.89,-2.35,0.44,-0.2,-2.87,0.96,-0.35,0.84,0.38,0.33,0.55,0.93,-0.29,-0.41,-2.97,-1.68,0.03,1.74,-0.49,1.34,-0.13,-0.82,0.51,-0.43,-0.4,-0.17,1.29,-0.87,-0.9,-0.29,1.68,0.68,-1.51,0.3,-0.27,-0.57,0.3,-0.18,1.17,1.79,0.39,-2.14,-0.53,0.39,1.96,0.08,1.13,-0.58,0.62,0.66,-0.2,0.3,1.7,-1.24,-0.03,0.73,0.24,-2.04,-0.14,-0.03,1.21,-0.62,0.84,-0.32,-0.67,-1.01,-1.03,0.81,-1.38,0.72,-0.58,0.4,2.42,0.09,0.6,-0.36,-0.77,1.55,-0.12,1.05,-0.2,0.86,-0.18,0.62,1.74,-0.0,1.01,1.75,0.52,1.0,-0.93,0.51,-1.55,-1.81,0.37,1.15,-0.51,0.91,0.01,-0.01,-0.54,0.99,-0.34,0.61,1.25,0.4,-0.09,0.12,653.55
0.54,1.18,0.9,1.1,0.8,1.41,-1.19,-0.29,1.22,0.57,-0.57,-0.04,-1.02,-0.13,0.44,0.19,-0.12,-0.64,-1.55,0.68,1.29,1.5,-0.36,0.24,-1.21,0.66,0.31,0.32,-0.47,-0.88,-0.14,-1.73,0.54,0.75,0.91,0.06,0.35,-0.59,-2.39,-1.07,0.61,-0.59,-1.06,3.03,-0.21,0.83,-0.76,-0.36,0.2,-1.42,-1.03,0.68,-0.49,-0.22,1.76,0.52,1.58,-0.19,1.11,-0.33,-0.74,-1.04,-0.89,0.16,0.22,-0.61,1.19,-0.54,-0.6,0.32,0.6,-0.13,1.84,-0.88,1.27,0.94,-0.16,-1.07,-0.5,-1.51,1.43,-0.73,0.99,-0.84,-0.63,-0.57,-0.49,0.13,-0.64,-1.25,1.11,1.06,-0.97,-1.66,0.18,0.53,1.38,0.56,2.41,-1.39,-0.7,-0.62,0.04,-0.58,-2.51,1.42,1.08,0.07,0.02,1.31,1.22,-0.39,0.59,-0.35,0.31,-0.58,-0.21,-0.47,1.18,1.27,1.4,-0.25,1.54,-0.18,-1.51,0.5,-0.23,0.16,-2.3,-0.75,0.83,-0.83,1.26,0.93,0.53,0.36,-0.94,-0.38,-1.36,0.61,-0.47,0.56,-0.79,0.61,2.42,0.23,-0.35,0.66,0.13,-0.79,-0.89,-0.7,1.79,1.43,-0.25,0.24,0.85,1.99,-0.49,0.4,0.39,0.59,0.38,-0.84,0.99,-1.87,-0.86,-0.6,0.43,-0.07,0.31,0.15,-1.12,-1.22,0.24,1.63,-0.98,0.0,0.73,-0.11,0.25,-0.14,-1.2,-1.46,-0.2,-0.36,0.26,1.62,-1.09,0.48,0.0,2.66,-1.07,-1.01,-0.05,-0.31,-1.5,1.34,-0.16,-0.53,-1.07,-0.99,-1.0,0.09,1.74,-0.31,2.04,0.83,-0.24,0.3,1.13,0.52,-0.3,-1.26,0.3,0.05,2.37,1.04,-0.07,-0.07,-0.96,-0.03,-2.03,-1.11,-0.74,0.88,-0.67,1.27,-0.23,1.34,0.11,0.3,-0.03,-1.55,-0.61,-0.02,-1.57,1.0,-0.52,-0.4,0.12,-1.11,0.15,-0.38,-2.09,-0.33,-0.51,-1.83,-1.22,-0.0,0.05,1.64,0.51,1.33,-0.13,1.14,-100.82
0.16,-2.39,0.09,-0.19,-0.56,0.71,-0.18,-0.43,-0.78,0.55,0.66,0.5,1.78,0.82,1.57,0.53,0.52,-0.6,0.08,-0.37,0.64,0.18,0.61,-0.48,1.09,-1.07,0.13,-0.49,0.53,-0.61,-0.35,-1.04,-0.38,-0.01,0.07,1.49,0.5,-0.37,-1.1,-0.32,-0.91,-1.33,0.76,0.18,0.03,-0.42,-0.5,0.38,-1.31,-1.55,0.16,-0.73,-0.34,-0.5,-1.36,-0.88,0.05,-0.28,0.67,-0.95,-0.92,0.96,-0.62,-0.93,-0.35,-0.25,-0.13,-0.62,0.48,-0.21,0.4,2.05,-0.29,0.24,0.87,-0.9,-2.2,-1.08,-0.27,-1.26,-1.0,-0.95,-1.34,0.14,0.39,0.71,-0.24,-0.46,-0.35,0.05,-0.18,-0.73,0.65,0.16,0.15,-2.91,0.58,0.8,0.97,0.71,-0.97,-1.62,-0.22,-1.11,0.4,-1.43,1.28,1.3,-1.89,1.55,1.22,-1.32,0.14,-0.03,0.69,-0.0,1.06,2.9,0.65,-0.49,0.52,1.45,0.03,-0.56,-0.35,0.68,-0.85,-0.03,-0.95,0.21,0.62,1.15,1.12,-0.49,1.26,0.94,-0.6,-0.93,-1.89,-0.99,0.35,-1.06,-1.15,0.95,1.62,-1.22,-0.35,0.77,0.77,1.67,-0.48,-0.0,-1.23,-0.99,0.48,-2.17,-0.96,0.13,-0.75,-1.14,0.59,0.65,-0.12,-0.5,0.21,0.29,-0.57,-1.35,0.83,-1.41,0.72,-0.84,-1.53,-0.55,0.36,0.97,0.36,0.36,0.82,-0.17,-1.01,-0.76,-0.22,-1.22,-0.81,-0.49,-0.07,1.74,0.89,0.28,0.54,0.03,-0.76,0.08,1.3,-1.95,0.89,1.23,-0.21,0.21,1.87,-1.01,0.04,0.25,-2.37,1.15,-1.82,-0.03,0.71,1.0,1.27,0.29,-0.08,-0.14,-0.31,-0.27,0.1,-0.8,-1.02,-1.0,0.67,1.67,-0.55,-1.25,1.04,0.33,0.64,0.92,0.75,0.7,0.45,1.03,0.06,-0.32,-0.26,-1.31,-0.72,-1.92,-0.05,-1.82,0.31,-1.26,-2.19,-0.81,0.4,1.19,1.09,0.52,-0.78,-1.14,0.71,-0.24,0.48,1.19,-0.8,0.31,-1074.56
0.98,-0.39,-0.93,0.63,0.91,0.44,0.54,0.71,2.46,-0.41,-0.55,-0.54,0.58,-0.9,1.14,-0.61,0.31,1.12,-1.21,-0.63,0.27,0.4,-0.66,-1.04,1.02,0.83,-1.04,2.5,-0.27,-0.79,0.38,2.0,0.31,-0.22,-0.78,0.17,-0.94,0.11,1.75,0.22,-0.32,1.85,-0.11,1.02,1.24,-0.1,0.49,0.46,-0.84,-0.25,-0.09,0.2,0.29,-1.47,-2.29,-0.16,0.55,-0.12,0.07,1.69,-0.3,-0.11,1.19,0.36,1.53,-1.89,-3.11,0.83,1.19,0.41,-0.15,1.54,0.9,0.43,-0.34,-0.05,0.36,0.4,0.25,-0.74,1.2,0.61,2.44,0.99,1.1,0.81,-1.93,1.01,-1.22,-2.33,-1.38,-0.83,0.49,-1.12,0.43,-1.26,-1.59,0.75,1.29,0.58,-0.19,-0.5,-1.66,-0.07,-0.15,-2.62,0.4,0.25,1.56,0.19,1.2,2.0,-1.75,-0.67,-0.83,-2.07,0.18,-0.26,0.82,-0.45,0.02,-2.0,1.0,-1.2,-1.55,-1.22,-0.7,0.89,0.82,1.89,-0.27,0.44,-2.43,1.96,0.41,0.42,-1.38,0.57,-0.63,1.5,-0.22,-0.65,1.04,1.56,-0.67,2.27,0.78,-0.22,-0.75,1.48,-0.16,-0.97,0.44,0.52,-1.22,-0.09,0.99,0.13,-0.54,-0.37,-0.58,-0.47,-0.8,0.52,-0.98,-2.57,-0.08,-1.83,0.11,0.42,1.02,0.39,-1.08,-0.45,-0.34,0.19,0.98,-0.33,-0.78,-0.98,0.36,-1.14,-0.95,1.69,-0.71,-0.37,1.4,0.7,-0.31,1.21,-1.15,1.84,1.63,0.68,0.55,1.03,-1.0,-0.05,0.86,-0.93,0.37,-2.11,-0.41,-1.11,1.02,1.0,-0.16,-0.58,2.01,-0.62,-0.17,-0.24,-0.51,-0.55,0.65,-0.38,-0.05,2.39,1.34,0.16,0.31,-0.62,2.46,-1.03,0.49,0.49,0.31,2.17,-0.32,1.41,0.68,-1.3,1.36,0.01,-1.49,1.14,0.67,-0.81,-0.36,0.54,2.58,-0.32,-0.12,0.87,-1.04,-0.49,0.85,0.2,0.44,-1.05,-0.24,0.06,1.12,-1.99,0.94,-0.06,-167.13
-1.26,-2.13,0.34,0.05,1.25,0.42,0.21,1.67,0.07,-2.61,0.34,0.16,-1.3,-0.15,1.39,-0.15,-0.35,-0.09,1.12,0.82,-1.77,0.13,1.6,-1.87,0.82,-0.16,-0.12,-0.41,0.74,-0.49,1.8,-2.42,1.88,-0.38,-1.33,0.27,1.39,-1.01,0.21,-0.45,0.45,-1.24,-1.45,-1.97,-0.61,-0.51,-0.55,-2.23,0.43,-1.33,1.47,-0.33,1.22,1.17,0.64,0.31,0.87,0.42,0.87,-0.08,-0.31,-1.66,-0.1,0.82,0.7,-1.04,-0.57,0.24,-1.3,-0.63,0.93,1.57,0.2,-0.49,-0.29,2.94,-1.39,0.36,1.85,1.29,1.99,0.92,-0.14,0.59,-0.08,1.63,-0.48,0.78,2.71,0.4,1.5,0.7,-0.26,0.23,-0.12,1.41,-1.42,-0.08,-0.02,-0.42,0.24,1.15,1.35,0.93,0.61,-1.37,-0.88,-1.53,-0.98,-1.7,2.64,0.02,0.18,-0.64,-1.89,-1.68,0.31,-1.39,1.13,-1.26,1.44,0.46,0.23,-0.13,-0.92,1.62,0.03,-1.76,1.22,-0.25,0.56,1.01,-0.69,-0.6,-0.01,-0.14,1.57,1.14,0.61,-1.59,-0.55,1.01,0.38,-0.17,-1.01,-1.1,-0.57,0.43,0.01,0.17,0.8,0.32,0.16,0.25,0.43,-0.83,1.0,1.48,0.24,0.01,1.86,-0.38,-0.77,-1.67,0.03,-1.07,0.14,-2.18,-0.75,-0.16,-0.01,-1.59,0.57,-0.41,-2.08,1.02,0.18,0.47,0.93,0.93,-0.56,1.44,-1.56,0.71,1.39,1.87,-0.09,-0.94,0.27,-0.21,-0.35,-0.02,0.44,-1.32,0.03,-1.27,-0.08,-0.13,-0.58,0.16,2.24,-0.59,-0.44,-0.43,1.07,0.06,1.93,1.08,-1.52,-0.11,-0.95,-0.64,0.08,2.0,0.38,0.92,-0.2,-0.6,1.77,-0.9,-1.13,-0.5,0.07,1.67,0.84,-1.3,1.69,-1.08,1.81,-0.63,1.28,0.65,-0.02,-1.23,-0.76,-0.92,-0.55,-0.72,0.42,1.44,0.39,-0.12,0.93,0.39,-0.92,1.01,-1.0,-0.85,0.59,0.95,-0.81,-0.21,0.52,0.66,-1.1,-0.91,743.97
0.27,1.94,0.65,-1.06,0.41,0.49,0.14,-2.3,2.19,1.86,-0.26,-0.08,0.65,0.02,1.11,0.94,0.58,0.29,-1.51,0.76,1.12,0.04,-0.54,1.03,1.76,-0.09,-0.44,-0.12,-0.72,-0.65,-0.87,0.29,0.8,-2.16,0.91,1.1,0.53,-2.12,-0.75,1.42,-1.22,1.02,-0.61,0.33,-0.99,-0.0,0.84,1.3,-0.04,-1.19,2.92,-0.45,-1.37,-1.8,0.08,1.2,-0.49,0.41,-0.84,0.49,-0.7,0.49,1.35,-1.0,0.0,1.28,0.32,-0.5,2.01,-0.61,0.12,-2.04,-1.03,1.2,0.19,-0.29,0.95,0.34,1.19,-1.15,1.18,1.23,1.36,0.22,-0.87,0.51,0.07,0.96,-0.49,-0.03,2.99,-1.3,-0.14,0.2,-0.51,0.1,0.91,0.18,-1.18,2.12,0.42,-1.19,0.28,1.29,1.18,-1.36,-0.23,-0.83,-0.36,0.98,-0.83,0.1,0.65,0.27,0.12,-1.22,0.09,0.74,-1.09,0.76,0.28,1.08,-0.31,-0.41,1.53,-1.37,0.31,0.73,-0.65,1.94,-0.22,-1.12,0.47,-2.05,-1.2,-0.87,-0.36,-0.43,1.0,0.92,-0.33,-0.19,-1.33,1.72,-1.19,0.82,0.01,-0.26,0.65,-1.09,-0.08,-1.04,0.18,-0.73,0.14,-0.18,1.98,0.7,-0.01,-0.01,-1.31,1.54,-0.66,-1.21,-0.44,1.06,-1.68,-0.38,0.17,-0.63,-0.12,0.42,-0.47,-0.72,0.57,0.97,0.24,0.59,-0.2,0.16,-0.71,-1.23,-0.78,0.66,0.34,-0.03,1.41,-0.22,0.43,-1.01,0.96,-0.1,-0.23,0.82,-0.34,1.35,0.8,-0.06,-0.15,1.52,0.5,0.31,0.12,0.48,-0.07,-0.7,-1.36,-0.27,1.22,-1.58,0.1,-0.07,0.61,0.85,1.53,1.21,0.07,-1.77,-1.94,-0.03,-0.84,-1.43,-2.45,-0.59,0.21,-1.16,-0.14,-0.77,0.72,-0.86,0.47,0.34,-0.59,-0.62,0.22,-0.22,-1.63,0.37,1.69,0.38,-0.21,-1.25,-1.41,0.24,-0.67,-0.14,-0.22,0.29,-1.03,-0.81,1.28,0.96,1.6,0.04,0.19,0.48,950.42
1.19,0.66,0.92,1.69,-0.22,0.48,-0.21,-1.56,1.89,-0.74,0.88,0.62,-0.96,-0.02,0.18,-3.0,-0.46,2.4,-0.26,0.59,-0.74,-1.5,-0.92,-1.82,-0.79,0.72,0.56,-0.94,0.07,1.07,-1.53,-0.08,0.31,0.49,-0.21,0.11,0.97,0.88,0.59,-1.22,1.13,0.18,-0.62,2.22,-0.9,1.16,-1.0,-0.85,-1.09,1.17,-0.57,-0.96,0.78,-0.66,-0.22,0.38,0.07,-0.04,0.36,-2.4,1.14,0.63,0.43,-0.93,1.12,-2.11,-0.89,0.27,-0.67,-0.95,1.1,0.19,0.66,-1.87,0.77,1.08,1.23,-0.24,0.77,-0.28,-0.72,1.64,0.46,0.96,1.09,-0.32,-0.58,0.79,-0.44,0.56,-1.06,-0.44,0.28,0.56,0.66,0.63,-1.32,-1.33,-0.19,-1.7,0.98,1.71,1.28,-0.11,0.75,-0.41,1.51,-0.99,0.06,-1.31,0.03,0.25,0.84,-0.37,-0.98,-1.71,-0.6,-0.56,-0.96,-1.71,0.36,-1.54,1.08,0.05,0.12,-1.7,-1.81,-0.57,1.2,0.5,-0.05,0.92,-1.83,-0.04,-0.39,-1.26,-0.04,0.91,-0.14,-1.03,0.41,0.28,1.9,-0.03,0.21,-1.04,1.05,-1.39,-0.44,-0.21,-0.25,2.19,-1.01,-0.66,-0.96,0.97,-1.62,-2.82,1.72,-0.14,-0.01,-1.01,0.82,0.82,-0.25,-0.8,-0.72,-0.19,-0.19,-1.65,-0.71,0.22,-1.2,0.17,1.05,-0.9,-0.87,-1.16,1.29,0.32,2.88,0.48,-0.05,0.54,-1.02,0.41,0.12,-0.77,0.64,-0.55,-1.08,-0.58,-0.86,-0.09,0.88,0.39,0.15,1.5,0.79,1.68,0.9,0.04,0.4,0.73,0.61,1.13,-0.51,2.4,-0.06,-1.61,0.22,-0.84,-0.79,1.91,1.12,-1.92,0.05,-0.7,-1.84,-1.28,-0.39,-0.13,-1.2,-0.31,0.02,-1.42,0.73,-0.97,0.42,-0.33,0.38,0.94,-1.18,0.92,-0.69,-0.38,-0.7,-0.36,-0.01,0.48,2.12,-0.78,-0.79,0.88,-1.2,-0.87,1.22,-0.49,-0.1,1.31,1.64,1.3,-2.13,-0.3,0.63,-1.93,-59.48
1.62,-2.51,0.78,-1.74,-0.11,-0.92,1.39,-1.27,-1.9,-0.16,0.57,-0.72,-0.77,-0.34,-0.11,-0.15,0.78,-0.15,0.87,-0.29,-0.06,-0.3,0.22,0.66,1.44,-0.16,-1.3,-0.1,0.13,2.06,0.31,0.4,-1.08,0.26,-1.19,1.28,-1.08,-0.7,-2.13,-0.05,0.05,-1.27,0.43,1.27,-0.66,-0.52,-0.83,-0.29,0.1,0.49,0.32,-0.13,0.27,1.38,-0.24,1.88,0.59,-0.48,0.18,2.09,0.67,1.6,0.02,-1.99,-0.84,-0.07,0.99,-0.33,0.99,0.7,-1.16,0.58,-1.57,-0.63,0.87,1.76,0.66,1.11,0.41,-0.53,-0.95,0.52,1.03,-1.27,0.28,-0.12,0.46,1.23,-0.39,0.95,0.87,0.08,0.09,-0.32,0.15,-0.13,1.32,-0.71,0.35,1.27,-0.82,-1.38,-1.38,-0.14,-1.19,1.32,-0.1,-1.49,0.96,0.68,0.59,-1.51,-0.64,0.02,0.28,1.14,0.6,-0.77,0.15,0.16,-1.15,0.07,1.74,-0.01,0.13,-1.06,-1.06,-0.81,-1.0,0.73,0.95,0.63,-1.24,0.15,-0.86,-2.09,-1.6,0.67,1.87,1.07,-2.11,0.64,0.79,1.15,-1.1,-0.1,-0.72,0.73,-0.51,-0.61,2.06,0.46,1.32,-0.5,1.42,-0.52,-0.69,0.49,1.45,0.89,0.07,0.2,0.06,-1.96,-0.31,1.54,-0.87,1.2,0.45,-0.43,0.2,-0.22,-0.73,-0.88,-1.61,1.91,-0.88,1.76,0.45,1.86,0.62,-0.05,-1.06,0.15,1.96,-0.15,0.73,-0.61,-0.12,-1.95,-0.31,0.79,1.88,0.02,1.25,0.2,-0.27,1.18,-0.14,0.84,-0.13,-0.92,0.57,0.12,0.93,1.74,-1.37,0.4,-1.46,0.64,-0.45,2.22,-1.82,2.35,-1.07,-0.63,1.51,0.6,1.93,0.62,-1.19,-0.63,-1.12,0.72,1.94,0.17,0.86,-2.75,1.57,-0.39,0.31,1.06,2.49,0.75,1.42,-1.19,0.74,-0.16,0.56,0.71,1.12,2.03,-2.02,-2.52,-1.46,0.31,1.37,0.79,-0.51,-0.74,1.57,1.37,-0.3,0.63,-2.4,1.79,897.0
-0.44,-0.3,-0.29,1.5,-1.8,0.06,1.03,0.51,-0.15,-0.66,0.22,0.65,0.14,-0.5,0.96,0.17,-0.09,0.92,0.51,1.2,1.14,1.13,0.23,-0.54,-0.4,-0.57,-1.74,-1.66,0.09,-0.35,-0.18,0.79,1.19,0.43,-0.13,0.47,-0.11,-1.38,0.01,0.55,-2.08,0.23,-0.48,-1.4,0.77,-0.77,-0.77,-1.13,1.05,1.28,0.5,0.04,0.26,-2.1,1.49,-0.24,-1.28,0.09,-1.71,-0.8,-1.94,-0.84,1.08,1.28,-0.31,0.3,-0.74,1.09,0.25,-0.51,1.12,-1.39,1.1,1.88,1.9,0.01,-1.31,0.68,-1.73,0.38,1.33,-0.29,-0.52,0.82,-0.21,0.53,-1.57,-1.19,-0.24,0.2,1.94,0.15,0.11,-0.78,0.73,0.22,-0.61,-0.04,0.53,-0.49,-0.85,1.14,1.0,1.78,-0.05,-1.93,0.98,-0.18,0.87,-0.67,-0.03,1.27,1.42,0.75,-0.58,-1.28,-0.67,0.61,-0.19,0.54,0.38,1.93,0.82,0.83,-1.49,2.27,-0.93,-0.92,0.06,2.89,0.13,0.43,-0.36,0.16,1.69,-1.02,1.14,0.81,-0.7,1.02,-2.24,-1.38,1.16,0.31,-0.29,-0.96,1.2,-1.23,0.72,1.04,0.59,-0.87,-1.74,-0.42,-0.35,-0.49,0.64,-0.21,0.15,-1.3,-0.85,1.23,-0.54,0.98,0.29,0.31,2.76,1.33,0.89,0.65,-0.09,-1.28,-1.34,1.52,-0.42,-0.43,1.46,-1.33,-0.31,2.36,0.36,0.74,-0.29,-1.93,0.32,0.96,0.89,-1.79,-0.57,0.53,1.04,0.92,1.88,-0.44,1.72,0.1,-0.8,0.09,-1.09,-0.03,-1.65,0.91,0.71,0.12,-0.61,0.07,1.69,-0.3,-1.13,-0.09,-0.12,-0.35,-0.37,0.13,0.18,0.91,-1.66,-0.21,0.65,0.67,0.6,0.72,-1.42,-1.32,0.54,-0.41,-0.46,-1.04,-1.34,-1.58,-0.14,-0.29,-0.06,1.02,0.46,0.3,0.26,-0.21,-0.21,0.63,-0.04,0.77,0.95,2.21,0.44,-0.76,-1.64,-0.46,1.79,0.18,-0.04,0.22,-0.24,-0.7,0.02,-0.43,973.71
0.29,0.42,1.3,-2.37,-0.54,-0.37,0.5,-1.69,0.7,0.55,-0.69,-0.21,-0.81,-1.36,0.91,-0.77,0.35,1.02,-1.42,0.9,1.15,0.92,-2.03,-0.25,-0.73,-0.68,0.91,-0.7,-1.4,-0.29,-0.62,-1.43,-0.99,-0.49,0.75,0.4,0.49,-0.47,0.06,1.86,-0.08,-2.02,0.22,0.93,-0.37,-1.4,-1.76,1.05,0.78,1.29,0.24,-1.14,0.32,-0.06,0.74,-0.72,1.59,0.01,-2.14,-0.94,1.4,-1.57,0.07,-0.02,-0.23,1.22,1.48,-0.31,1.13,-0.55,0.39,0.38,1.78,1.61,-0.03,-1.84,1.21,-0.15,-0.94,1.28,-0.74,0.21,-0.51,-0.79,0.57,0.31,0.93,-0.33,-1.23,2.63,0.17,-0.62,-1.55,-1.98,-0.62,1.41,-2.04,0.49,1.12,0.16,1.86,-0.17,0.4,-0.28,-0.9,-0.25,0.49,0.19,-1.96,-1.11,-0.46,-0.95,0.93,0.39,-0.51,-1.39,-0.08,2.01,-0.09,0.14,-0.07,0.11,-0.26,-0.18,1.0,0.11,-0.75,-0.94,-0.46,-1.91,1.85,-0.6,1.54,0.2,-0.79,-0.22,0.47,0.37,0.14,1.06,-1.03,0.07,-0.76,0.73,-0.66,0.35,0.44,1.32,2.46,0.03,0.17,-0.55,-0.22,-0.54,0.75,0.5,-0.3,1.18,-0.88,0.63,0.15,-1.0,0.44,-1.9,-0.31,-1.24,1.08,-0.21,1.0,-0.56,1.21,0.87,-0.98,0.02,0.07,-0.09,0.12,-1.03,0.61,0.37,0.31,-0.73,-0.49,-0.65,-1.1,0.61,-0.23,-0.33,-0.77,0.14,0.84,-0.76,-0.26,-0.48,-0.35,1.45,0.2,-0.64,-1.04,-0.37,2.29,-0.06,0.17,0.31,1.06,-0.98,0.57,0.05,0.52,-0.01,0.4,0.72,-1.86,0.92,0.48,-1.89,-0.82,0.09,1.8,-1.21,-0.69,-0.45,-1.22,0.29,1.54,-0.18,1.48,-1.13,2.36,0.76,-0.93,0.49,-1.25,0.61,0.31,-1.46,0.19,-0.52,-0.63,-1.31,1.98,-0.79,-0.94,0.19,-0.8,-0.62,-1.62,2.04,-0.14,-2.07,-0.7,0.1,1.26,0.82,-1.87,1.15,-25.13
-1.0,-0.53,-2.04,0.54,0.28,-0.37,-0.22,1.45,-2.86,-0.7,-0.71,-0.99,0.88,-0.95,-0.51,-1.13,-0.83,0.05,0.32,0.14,0.86,2.0,-0.22,1.07,-0.24,0.35,0.3,-0.39,0.11,0.18,0.59,0.43,-0.67,0.44,0.73,0.91,1.05,-0.21,-0.22,0.72,0.14,0.44,-1.12,-0.19,-0.22,1.1,-0.3,2.84,0.2,1.51,0.84,0.98,-0.43,-0.69,-1.57,0.1,-0.21,0.65,0.25,-0.7,-0.06,-0.85,-1.28,-1.3,0.13,0.95,-0.55,0.92,-0.73,3.38,-1.79,0.72,0.13,-0.81,-2.94,1.19,0.92,0.93,1.0,-1.06,1.24,-0.78,1.48,1.6,-0.21,-0.31,0.6,0.31,-1.26,-0.86,0.65,-0.69,-1.25,-1.6,-0.55,1.77,-0.4,-0.44,0.99,-1.1,-0.76,-0.83,0.08,-0.29,0.36,-0.53,-0.61,0.28,-0.19,-1.19,0.68,-1.37,0.33,2.03,-0.84,0.8,0.83,1.06,-1.15,1.87,2.21,-0.3,0.38,1.97,0.1,0.97,0.3,-2.57,-0.54,-0.56,0.14,-0.97,-0.23,0.4,-2.39,-0.38,-0.11,-0.07,0.97,-1.17,0.32,-0.03,1.51,1.19,1.53,-0.72,0.49,0.53,-1.31,-2.07,-0.01,-1.04,-0.48,-0.23,-0.35,-0.93,-0.72,-0.32,1.16,-1.83,1.86,0.94,-0.1,-0.28,-0.37,-0.03,-0.44,-0.43,0.42,-1.13,0.72,1.51,-0.75,-0.47,1.04,-1.31,-1.48,-1.14,0.57,-1.17,-0.95,0.22,-1.09,-0.69,2.3,-0.81,-1.21,-0.69,1.02,1.92,1.68,-0.54,-0.45,0.66,-0.11,0.87,3.34,-0.22,-1.57,1.05,1.05,1.14,0.81,-1.45,0.15,0.31,0.14,-0.58,-0.16,1.63,0.61,-0.13,0.49,-1.99,-0.57,-0.81,-1.79,0.7,-1.12,0.99,-1.11,-0.24,0.1,1.06,-0.52,-0.09,1.13,-0.1,-1.25,0.24,2.53,0.12,1.1,-0.23,0.43,0.88,0.65,-0.55,-0.29,-1.13,-1.28,-0.1,-0.95,-1.34,0.41,-0.77,-0.76,-0.93,-0.12,-0.15,0.23,-1.38,-1.61,0.39,0.38,-0.47,-616.03
0.55,-0.83,-0.53,0.57,-1.19,-1.81,0.64,0.65,2.73,-2.1,2.08,-0.17,-0.36,-0.69,0.31,0.11,-0.53,-0.29,-1.96,-0.68,2.64,-0.1,-0.02,0.46,-0.08,-0.21,-0.42,1.52,-0.99,0.87,-0.23,0.59,-0.18,-1.6,0.19,-0.7,-1.63,0.92,0.05,0.78,-1.06,-0.2,-0.0,-0.18,0.02,-0.12,-0.19,0.07,1.19,0.21,1.1,1.41,-1.75,-0.69,-0.49,0.61,-0.93,1.22,-1.38,-0.51,-0.37,-0.27,0.6,-2.1,0.87,-0.61,-0.67,0.48,0.14,0.04,0.92,1.54,-0.58,-0.58,0.47,-0.28,1.41,0.32,0.04,-1.5,-0.57,-1.01,0.57,0.39,0.05,0.15,-0.09,1.12,0.62,0.81,-0.28,-0.83,1.12,0.17,1.62,1.1,-3.08,0.95,1.94,0.72,-0.18,-0.23,0.48,0.15,0.34,-0.41,1.81,-2.0,-0.65,0.21,-0.18,-0.76,-0.8,-1.34,-0.47,-0.96,-0.4,0.49,0.95,-0.46,-0.47,-0.63,0.16,0.62,-1.05,1.05,0.7,-0.15,-0.4,2.05,-0.67,0.93,0.3,0.05,-0.49,-1.0,-0.84,-0.2,-0.17,-0.84,0.99,-1.06,1.37,-0.59,-0.28,0.97,1.38,0.72,-1.41,1.12,0.72,-0.1,-0.06,-0.94,-0.75,-0.62,0.39,0.32,0.52,0.09,-0.36,-0.56,-0.49,1.02,-0.21,0.02,0.0,1.31,-0.13,-0.42,-1.89,-0.02,1.75,-0.03,0.47,0.66,-0.4,0.81,-0.97,-0.25,-0.59,-1.36,-0.43,-1.57,-0.67,-1.94,1.85,-0.57,-0.45,0.4,1.12,-0.08,0.93,0.76,-0.52,-0.0,0.0,-0.14,1.98,-1.18,1.23,0.0,1.63,-0.03,-0.11,0.01,-0.19,-0.06,-0.89,1.16,-0.07,0.46,1.09,1.54,1.45,0.07,-1.81,-0.23,0.74,0.41,-1.54,-0.24,-1.65,1.68,-0.43,0.12,0.88,-0.22,1.3,-0.8,1.51,0.7,0.87,-0.44,0.17,0.2,-0.23,0.09,0.79,-0.98,-1.6,1.22,0.24,-0.07,0.66,-1.32,-0.27,0.85,-0.4,0.4,2.96,-0.31,-0.9,0.06,-0.08,0.04,215.01
